<?xml version="1.0" encoding="utf-8"?>
<opencv_storage><CameraMatrix type_id="opencv-matrix"><rows>3</rows><cols>4</cols><dt>d</dt><data>-0.000756 0.000654 -0.000015 0.001229 0.000309 0.000338 -0.000889 0.007389 -0.000576 -0.000677 -0.000458 0.035103</data></CameraMatrix><Intrinsics type_id="opencv-matrix"><rows>3</rows><cols>3</cols><dt>d</dt><data>1.500000 0.000000 0.540000 0.000000 1.500000 0.540000 0.000000 0.000000 0.001000</data></Intrinsics><Distortion type_id="opencv-matrix"><rows>8</rows><cols>1</cols><dt>d</dt><data>0 0 0 0 0 0 0 0</data></Distortion></opencv_storage>