<?xml version="1.0" encoding="utf-8"?>
<opencv_storage><CameraMatrix type_id="opencv-matrix"><rows>3</rows><cols>4</cols><dt>d</dt><data>-0.000718 -0.000696 -0.000015 0.000736 -0.000201 0.000228 -0.000953 0.009013 0.000667 -0.000681 -0.000304 0.029334</data></CameraMatrix><Intrinsics type_id="opencv-matrix"><rows>3</rows><cols>3</cols><dt>d</dt><data>1.500000 0.000000 0.540000 0.000000 1.500000 0.540000 0.000000 0.000000 0.001000</data></Intrinsics><Distortion type_id="opencv-matrix"><rows>8</rows><cols>1</cols><dt>d</dt><data>0 0 0 0 0 0 0 0</data></Distortion></opencv_storage>