<?xml version="1.0" encoding="utf-8"?>
<opencv_storage><CameraMatrix type_id="opencv-matrix"><rows>3</rows><cols>4</cols><dt>d</dt><data>0.000772 -0.000635 -0.000015 -0.000417 -0.000202 -0.000223 -0.000954 0.008658 0.000602 0.000739 -0.000301 0.034521</data></CameraMatrix><Intrinsics type_id="opencv-matrix"><rows>3</rows><cols>3</cols><dt>d</dt><data>1.500000 0.000000 0.540000 0.000000 1.500000 0.540000 0.000000 0.000000 0.001000</data></Intrinsics><Distortion type_id="opencv-matrix"><rows>8</rows><cols>1</cols><dt>d</dt><data>0 0 0 0 0 0 0 0</data></Distortion></opencv_storage>