<?xml version="1.0" encoding="utf-8"?>
<opencv_storage><CameraMatrix type_id="opencv-matrix"><rows>3</rows><cols>4</cols><dt>d</dt><data>0.000955 0.000295 -0.000015 0.000726 -0.000015 -0.000001 -0.001000 0.008204 -0.000295 0.000955 0.000003 0.029294</data></CameraMatrix><Intrinsics type_id="opencv-matrix"><rows>3</rows><cols>3</cols><dt>d</dt><data>1.500000 0.000000 0.540000 0.000000 1.500000 0.540000 0.000000 0.000000 0.001000</data></Intrinsics><Distortion type_id="opencv-matrix"><rows>8</rows><cols>1</cols><dt>d</dt><data>0 0 0 0 0 0 0 0</data></Distortion></opencv_storage>