<?xml version="1.0" encoding="utf-8"?>
<opencv_storage><CameraMatrix type_id="opencv-matrix"><rows>3</rows><cols>4</cols><dt>d</dt><data>0.000210 0.000978 -0.000015 0.002390 0.000024 -0.000020 -0.001000 0.009177 -0.000978 0.000209 -0.000027 0.031718</data></CameraMatrix><Intrinsics type_id="opencv-matrix"><rows>3</rows><cols>3</cols><dt>d</dt><data>1.500000 0.000000 0.540000 0.000000 1.500000 0.540000 0.000000 0.000000 0.001000</data></Intrinsics><Distortion type_id="opencv-matrix"><rows>8</rows><cols>1</cols><dt>d</dt><data>0 0 0 0 0 0 0 0</data></Distortion></opencv_storage>